255 255 255 255 255 255 255 255 255 255 255 255 255 255 255 255
255 205 142 142 179 205 192 167 255 205 255 179 142 142 205 255
255 142 176 145 142 205 139  88 164 151 129 142 145 176 142 255
255 142 145 101 142 205 164  38 132 107 129 142 101 145 142 255
255 179 142 142 154 167  85  98 151 183 205 154 142 142 179 255
255 205  79  54 179  91 104 116 107 189 142 167 205 154 205 255
255 242  88  69  82 113  66 104  82 189 113 145 116 192 192 255
255 192 183 139  94 113 167 205  88 183 120 126 129 116 142 255
255 192 195 145  76  76 208 164 179 255 205 198 145 170 179 255
255 142 189 126 113 164 189 183 116  91  54 173  76 139 205 255
255 154  41 217 205  28 192 167 116 142  66  54  31  76 255 255
255 179 142 142 154 179 116 205 135  85  66 205  76 233 230 255
255 142 145 101 142 116 116 148  88 214   6  94  98 154 142 255
255 142 176 145 142 192 116 148 126 101 164 176 135  79 142 255
255 205 142 142 179 154 242 167 255 205 154 230 179 255 255 255
255 255 255 255 255 255 255 255 255 255 255 255 255 255 255 255
255 255 255 255 255 255 255 255 255 255 255 255 255 255 255 255
255 205 142 142 179 205 192 167 255 205 255 179 142 142 205 255
255 142 176 145 142 205 139  88 164 151 129 142 145 176 142 255
255 142 145 101 142 205 164  38 132 107 129 142 101 145 142 255
255 179 142 142 154 167  85  98 151 183 205 154 142 142 179 255
255 205  79  54 179  91 104 116 107 189 142 167 205 154 205 255
255 242  88  69  82 113  66 104  82 189 113 145 116 192 192 255
255 192 183 139  94 113 167 205  88 183 120 126 129 116 142 255
255 192 195 145  76  76 208 164 179 255 205 198 145 170 179 255
255 142 189 126 113 164 189 183 116  91  54 173  76 139 205 255
255 154  41 217 205  28 192 167 116 142  66  54  31  76 255 255
255 179 142 142 154 179 116 205 135  85  66 205  76 233 230 255
255 142 145 101 142 116 116 148  88 214   6  94  98 154 142 255
255 142 176 145 142 192 116 148 126 101 164 176 135  79 142 255
255 205 142 142 179 154 242 167 255 205 154 230 179 255 255 255
255 255 255 255 255 255 255 255 255 255 255 255 255 255 255 255
255 255 255 255 255 255 255 255 255 255 255 255 255 255 255 255
255 205 142 142 179 205 192 167 255 205 255 179 142 142 205 255
255 142 176 145 142 205 139  88 164 151 129 142 145 176 142 255
255 142 145 101 142 205 164  38 132 107 129 142 101 145 142 255
255 179 142 142 154 167  85  98 151 183 205 154 142 142 179 255
255 205  79  54 179  91 104 116 107 189 142 167 205 154 205 255
255 242  88  69  82 113  66 104  82 189 113 145 116 192 192 255
255 192 183 139  94 113 167 205  88 183 120 126 129 116 142 255
255 192 195 145  76  76 208 164 179 255 205 198 145 170 179 255
255 142 189 126 113 164 189 183 116  91  54 173  76 139 205 255
255 154  41 217 205  28 192 167 116 142  66  54  31  76 255 255
255 179 142 142 154 179 116 205 135  85  66 205  76 233 230 255
255 142 145 101 142 116 116 148  88 214   6  94  98 154 142 255
255 142 176 145 142 192 116 148 126 101 164 176 135  79 142 255
255 205 142 142 179 154 242 167 255 205 154 230 179 255 255 255
255 255 255 255 255 255 255 255 255 255 255 255 255 255 255 255

  0   0   0   0   0   0   0   0   0   0   0   0   0   0   0   0
255 255 255 255 255 255 255 255 255 255 255 255 255 255 255 255
255 205 142 142 179 205 192 142 179 205 255 230 142 142 255 255
255 142 176 145 142 154 192 116 170 139  76 233 154  79 255 255
255 142 145 101 142 205 116 129 145  76  31  76  98 135 179 255
255 179 142 142 154 167 145 126 198 173  54 205  94 176 230 255
255 255 129 129 205 142 113 120 205  54  66  66   6 164 154 255
255 205 151 107 183 189 189 183 255  91 142  85 214 101 205 255
255 255 164 132 151 107  82  88 179 116 116 135  88 126 255 255
255 167  88  38  98 116 104 205 164 183 167 205 148 148 167 255
255 192 139 164  85 104  66 167 208 189 192 116 116 116 242 255
255 205 205 205 167  91 113 113  76 164  28 179 116 192 154 255
255 179 142 142 154 179  82  94  76 113 205 154 142 142 179 255
255 142 145 101 142  54  69 139 145 126 217 142 101 145 142 255
255 142 176 145 142  79  88 183 195 189  41 142 145 176 142 255
255 205 142 142 179 205 242 192 192 142 154 179 142 142 205 255
  0   0   0   0   0   0   0   0   0   0   0   0   0   0   0   0
255 255 255 255 255 255 255 255 255 255 255 255 255 255 255 255
255 205 142 142 179 205 192 142 179 205 255 230 142 142 255 255
255 142 176 145 142 154 192 116 170 139  76 233 154  79 255 255
255 142 145 101 142 205 116 129 145  76  31  76  98 135 179 255
255 179 142 142 154 167 145 126 198 173  54 205  94 176 230 255
255 255 129 129 205 142 113 120 205  54  66  66   6 164 154 255
255 205 151 107 183 189 189 183 255  91 142  85 214 101 205 255
255 255 164 132 151 107  82  88 179 116 116 135  88 126 255 255
255 167  88  38  98 116 104 205 164 183 167 205 148 148 167 255
255 192 139 164  85 104  66 167 208 189 192 116 116 116 242 255
255 205 205 205 167  91 113 113  76 164  28 179 116 192 154 255
255 179 142 142 154 179  82  94  76 113 205 154 142 142 179 255
255 142 145 101 142  54  69 139 145 126 217 142 101 145 142 255
255 142 176 145 142  79  88 183 195 189  41 142 145 176 142 255
255 205 142 142 179 205 242 192 192 142 154 179 142 142 205 255
  0   0   0   0   0   0   0   0   0   0   0   0   0   0   0   0
255 255 255 255 255 255 255 255 255 255 255 255 255 255 255 255
255 205 142 142 179 205 192 142 179 205 255 230 142 142 255 255
255 142 176 145 142 154 192 116 170 139  76 233 154  79 255 255
255 142 145 101 142 205 116 129 145  76  31  76  98 135 179 255
255 179 142 142 154 167 145 126 198 173  54 205  94 176 230 255
255 255 129 129 205 142 113 120 205  54  66  66   6 164 154 255
255 205 151 107 183 189 189 183 255  91 142  85 214 101 205 255
255 255 164 132 151 107  82  88 179 116 116 135  88 126 255 255
255 167  88  38  98 116 104 205 164 183 167 205 148 148 167 255
255 192 139 164  85 104  66 167 208 189 192 116 116 116 242 255
255 205 205 205 167  91 113 113  76 164  28 179 116 192 154 255
255 179 142 142 154 179  82  94  76 113 205 154 142 142 179 255
255 142 145 101 142  54  69 139 145 126 217 142 101 145 142 255
255 142 176 145 142  79  88 183 195 189  41 142 145 176 142 255
255 205 142 142 179 205 242 192 192 142 154 179 142 142 205 255

  0   0   0   0   0   0   0   0   0   0   0   0   0   0   0   0
  0 255 255 255 255 255 255 255 255 255 255 255 255 255 255 255
  0 255 255 255 179 230 154 205 255 167 242 154 179 142 142 205
  0 255 142  79 135 176 164 101 126 148 116 192 142 145 176 142
  0 255 142 154  98  94   6 214  88 148 116 116 142 101 145 142
  0 255 230 233  76 205  66  85 135 205 116 179 154 142 142 179
  0 255 255  76  31  54  66 142 116 167 192  28 205 217  41 154
  0 255 205 139  76 173  54  91 116 183 189 164 113 126 189 142
  0 255 179 170 145 198 205 255 179 164 208  76  76 145 195 192
  0 255 142 116 129 126 120 183  88 205 167 113  94 139 183 192
  0 255 192 192 116 145 113 189  82 104  66 113  82  69  88 242
  0 255 205 154 205 167 142 189 107 116 104  91 179  54  79 205
  0 255 179 142 142 154 205 183 151  98  85 167 154 142 142 179
  0 255 142 145 101 142 129 107 132  38 164 205 142 101 145 142
  0 255 142 176 145 142 129 151 164  88 139 205 142 145 176 142
  0 255 205 142 142 179 255 205 255 167 192 205 179 142 142 205
  0   0   0   0   0   0   0   0   0   0   0   0   0   0   0   0
  0 255 255 255 255 255 255 255 255 255 255 255 255 255 255 255
  0 255 255 255 179 230 154 205 255 167 242 154 179 142 142 205
  0 255 142  79 135 176 164 101 126 148 116 192 142 145 176 142
  0 255 142 154  98  94   6 214  88 148 116 116 142 101 145 142
  0 255 230 233  76 205  66  85 135 205 116 179 154 142 142 179
  0 255 255  76  31  54  66 142 116 167 192  28 205 217  41 154
  0 255 205 139  76 173  54  91 116 183 189 164 113 126 189 142
  0 255 179 170 145 198 205 255 179 164 208  76  76 145 195 192
  0 255 142 116 129 126 120 183  88 205 167 113  94 139 183 192
  0 255 192 192 116 145 113 189  82 104  66 113  82  69  88 242
  0 255 205 154 205 167 142 189 107 116 104  91 179  54  79 205
  0 255 179 142 142 154 205 183 151  98  85 167 154 142 142 179
  0 255 142 145 101 142 129 107 132  38 164 205 142 101 145 142
  0 255 142 176 145 142 129 151 164  88 139 205 142 145 176 142
  0 255 205 142 142 179 255 205 255 167 192 205 179 142 142 205
  0   0   0   0   0   0   0   0   0   0   0   0   0   0   0   0
  0 255 255 255 255 255 255 255 255 255 255 255 255 255 255 255
  0 255 255 255 179 230 154 205 255 167 242 154 179 142 142 205
  0 255 142  79 135 176 164 101 126 148 116 192 142 145 176 142
  0 255 142 154  98  94   6 214  88 148 116 116 142 101 145 142
  0 255 230 233  76 205  66  85 135 205 116 179 154 142 142 179
  0 255 255  76  31  54  66 142 116 167 192  28 205 217  41 154
  0 255 205 139  76 173  54  91 116 183 189 164 113 126 189 142
  0 255 179 170 145 198 205 255 179 164 208  76  76 145 195 192
  0 255 142 116 129 126 120 183  88 205 167 113  94 139 183 192
  0 255 192 192 116 145 113 189  82 104  66 113  82  69  88 242
  0 255 205 154 205 167 142 189 107 116 104  91 179  54  79 205
  0 255 179 142 142 154 205 183 151  98  85 167 154 142 142 179
  0 255 142 145 101 142 129 107 132  38 164 205 142 101 145 142
  0 255 142 176 145 142 129 151 164  88 139 205 142 145 176 142
  0 255 205 142 142 179 255 205 255 167 192 205 179 142 142 205

  0 255 255 255 255 255 255 255 255 255 255 255 255 255 255 255
  0 255 205 142 142 179 154 142 192 192 242 205 179 142 142 205
  0 255 142 176 145 142  41 189 195 183  88  79 142 145 176 142
  0 255 142 145 101 142 217 126 145 139  69  54 142 101 145 142
  0 255 179 142 142 154 205 113  76  94  82 179 154 142 142 179
  0 255 154 192 116 179  28 164  76 113 113  91 167 205 205 205
  0 255 242 116 116 116 192 189 208 167  66 104  85 164 139 192
  0 255 167 148 148 205 167 183 164 205 104 116  98  38  88 167
  0 255 255 126  88 135 116 116 179  88  82 107 151 132 164 255
  0 255 205 101 214  85 142  91 255 183 189 189 183 107 151 205
  0 255 154 164   6  66  66  54 205 120 113 142 205 129 129 255
  0 255 230 176  94 205  54 173 198 126 145 167 154 142 142 179
  0 255 179 135  98  76  31  76 145 129 116 205 142 101 145 142
  0 255 255  79 154 233  76 139 170 116 192 154 142 145 176 142
  0 255 255 142 142 230 255 205 179 142 192 205 179 142 142 205
  0 255 255 255 255 255 255 255 255 255 255 255 255 255 255 255
  0 255 255 255 255 255 255 255 255 255 255 255 255 255 255 255
  0 255 205 142 142 179 154 142 192 192 242 205 179 142 142 205
  0 255 142 176 145 142  41 189 195 183  88  79 142 145 176 142
  0 255 142 145 101 142 217 126 145 139  69  54 142 101 145 142
  0 255 179 142 142 154 205 113  76  94  82 179 154 142 142 179
  0 255 154 192 116 179  28 164  76 113 113  91 167 205 205 205
  0 255 242 116 116 116 192 189 208 167  66 104  85 164 139 192
  0 255 167 148 148 205 167 183 164 205 104 116  98  38  88 167
  0 255 255 126  88 135 116 116 179  88  82 107 151 132 164 255
  0 255 205 101 214  85 142  91 255 183 189 189 183 107 151 205
  0 255 154 164   6  66  66  54 205 120 113 142 205 129 129 255
  0 255 230 176  94 205  54 173 198 126 145 167 154 142 142 179
  0 255 179 135  98  76  31  76 145 129 116 205 142 101 145 142
  0 255 255  79 154 233  76 139 170 116 192 154 142 145 176 142
  0 255 255 142 142 230 255 205 179 142 192 205 179 142 142 205
  0 255 255 255 255 255 255 255 255 255 255 255 255 255 255 255
  0 255 255 255 255 255 255 255 255 255 255 255 255 255 255 255
  0 255 205 142 142 179 154 142 192 192 242 205 179 142 142 205
  0 255 142 176 145 142  41 189 195 183  88  79 142 145 176 142
  0 255 142 145 101 142 217 126 145 139  69  54 142 101 145 142
  0 255 179 142 142 154 205 113  76  94  82 179 154 142 142 179
  0 255 154 192 116 179  28 164  76 113 113  91 167 205 205 205
  0 255 242 116 116 116 192 189 208 167  66 104  85 164 139 192
  0 255 167 148 148 205 167 183 164 205 104 116  98  38  88 167
  0 255 255 126  88 135 116 116 179  88  82 107 151 132 164 255
  0 255 205 101 214  85 142  91 255 183 189 189 183 107 151 205
  0 255 154 164   6  66  66  54 205 120 113 142 205 129 129 255
  0 255 230 176  94 205  54 173 198 126 145 167 154 142 142 179
  0 255 179 135  98  76  31  76 145 129 116 205 142 101 145 142
  0 255 255  79 154 233  76 139 170 116 192 154 142 145 176 142
  0 255 255 142 142 230 255 205 179 142 192 205 179 142 142 205
  0 255 255 255 255 255 255 255 255 255 255 255 255 255 255 255
