255 255 255 255 255 255 255 255 255 255 255 255 255 255 255 255
255 214 153 153 153 153 153 153 153 153 153 153 153 153 214 255
255 153   0   0   0   0   0   0   0   0   0   0   0   0 153 255
255 153   0   0   0   0   0   0   0   0   0   0   0   0 153 255
255 153   0   0  10  51  51  51  51  51  51  10   0   0 153 255
255 153   0   0  51 255 255 255 255 255 255  51   0   0 153 255
255 153   0   0  51 255 255 255 255 255 255  51   0   0 153 255
255 153   0   0  51 255 255 221 221 255 255  51   0   0 153 255
255 153   0   0  51 255 255 213 211 255 255  51   0   0 153 255
255 153   0   0  51 255 255 255 255 255 255  51   0   0 153 255
255 153   0   0  51 255 255 255 255 255 255  51   0   0 153 255
255 153   0   0  10  51  51  51  51  51  51  10   0   0 153 255
255 153   0   0   0   0   0   0   0   0   0   0   0   0 153 255
255 153   0   0   0   0   0   0   0   0   0   0   0   0 153 255
255 214 153 153 153 153 153 153 153 153 153 153 153 153 214 255
255 255 255 255 255 255 255 255 255 255 255 255 255 255 255 255
255 255 255 255 255 255 255 255 255 255 255 255 255 255 255 255
255 214 153 153 153 153 153 153 153 153 153 153 153 153 214 255
255 153   0   0   0   0   0   0   0   0   0   0   0   0 153 255
255 153   0   0   0   0   0   0   0   0   0   0   0   0 153 255
255 153   0   0  10  51  51  51  51  51  51  10   0   0 153 255
255 153   0   0  51 232 224 233 220 220 224  51   0   0 153 255
255 153   0   0  51 227 188 191 187 176 210  51   0   0 153 255
255 153   0   0  51 228 189 161 158 186 211  51   0   0 153 255
255 153   0   0  51 226 200 147 153 162 226  51   0   0 153 255
255 153   0   0  51 212 183 194 161 161 216  51   0   0 153 255
255 153   0   0  51 224 207 216 216 212 237  51   0   0 153 255
255 153   0   0  10  51  51  51  51  51  51  10   0   0 153 255
255 153   0   0   0   0   0   0   0   0   0   0   0   0 153 255
255 153   0   0   0   0   0   0   0   0   0   0   0   0 153 255
255 214 153 153 153 153 153 153 153 153 153 153 153 153 214 255
255 255 255 255 255 255 255 255 255 255 255 255 255 255 255 255
255 255 255 255 255 255 255 255 255 255 255 255 255 255 255 255
255 214 153 153 153 153 153 153 153 153 153 153 153 153 214 255
255 153   0   0   0   0   0   0   0   0   0   0   0   0 153 255
255 153   0   0   0   0   0   0   0   0   0   0   0   0 153 255
255 153   0   0  10  51  51  51  51  51  51  10   0   0 153 255
255 153   0   0  51 214 204 224 213 219 226  51   0   0 153 255
255 153   0   0  51 209 157 175 181 181 217  51   0   0 153 255
255 153   0   0  51 217 172 139 165 200 224  51   0   0 153 255
255 153   0   0  51 219 195 148 177 191 238  51   0   0 153 255
255 153   0   0  51 210 187 206 189 201 235  51   0   0 153 255
255 153   0   0  51 226 215 227 231 233 247  51   0   0 153 255
255 153   0   0  10  51  51  51  51  51  51  10   0   0 153 255
255 153   0   0   0   0   0   0   0   0   0   0   0   0 153 255
255 153   0   0   0   0   0   0   0   0   0   0   0   0 153 255
255 214 153 153 153 153 153 153 153 153 153 153 153 153 214 255
255 255 255 255 255 255 255 255 255 255 255 255 255 255 255 255

  0   0   0   0   0   0   0   0   0   0   0   0   0   0   0   0
255 255 255 255 255 255 255 255 255 255 255 255 255 255 255 255
255 214 153 153 153 153 153 153 153 153 153 153 153 153 214 255
255 153   0   0   0   0   0   0   0   0   0   0   0   0 153 255
255 153   0   0   0   0   0   0   0   0   0   0   0   0 153 255
255 153   0   0  10  51  51  51  51  51  51  10   0   0 153 255
255 153   0   0  51 255 255 255 255 255 255  51   0   0 153 255
255 153   0   0  51 255 255 255 255 255 255  51   0   0 153 255
255 153   0   0  51 255 255 221 211 255 255  51   0   0 153 255
255 153   0   0  51 255 255 221 213 255 255  51   0   0 153 255
255 153   0   0  51 255 255 255 255 255 255  51   0   0 153 255
255 153   0   0  51 255 255 255 255 255 255  51   0   0 153 255
255 153   0   0  10  51  51  51  51  51  51  10   0   0 153 255
255 153   0   0   0   0   0   0   0   0   0   0   0   0 153 255
255 153   0   0   0   0   0   0   0   0   0   0   0   0 153 255
255 214 153 153 153 153 153 153 153 153 153 153 153 153 214 255
  0   0   0   0   0   0   0   0   0   0   0   0   0   0   0   0
255 255 255 255 255 255 255 255 255 255 255 255 255 255 255 255
255 214 153 153 153 153 153 153 153 153 153 153 153 153 214 255
255 153   0   0   0   0   0   0   0   0   0   0   0   0 153 255
255 153   0   0   0   0   0   0   0   0   0   0   0   0 153 255
255 153   0   0  10  51  51  51  51  51  51  10   0   0 153 255
255 153   0   0  51 224 210 211 226 216 237  51   0   0 153 255
255 153   0   0  51 220 176 186 162 161 212  51   0   0 153 255
255 153   0   0  51 220 187 158 153 161 216  51   0   0 153 255
255 153   0   0  51 233 191 161 147 194 216  51   0   0 153 255
255 153   0   0  51 224 188 189 200 183 207  51   0   0 153 255
255 153   0   0  51 232 227 228 226 212 224  51   0   0 153 255
255 153   0   0  10  51  51  51  51  51  51  10   0   0 153 255
255 153   0   0   0   0   0   0   0   0   0   0   0   0 153 255
255 153   0   0   0   0   0   0   0   0   0   0   0   0 153 255
255 214 153 153 153 153 153 153 153 153 153 153 153 153 214 255
  0   0   0   0   0   0   0   0   0   0   0   0   0   0   0   0
255 255 255 255 255 255 255 255 255 255 255 255 255 255 255 255
255 214 153 153 153 153 153 153 153 153 153 153 153 153 214 255
255 153   0   0   0   0   0   0   0   0   0   0   0   0 153 255
255 153   0   0   0   0   0   0   0   0   0   0   0   0 153 255
255 153   0   0  10  51  51  51  51  51  51  10   0   0 153 255
255 153   0   0  51 226 217 224 238 235 247  51   0   0 153 255
255 153   0   0  51 219 181 200 191 201 233  51   0   0 153 255
255 153   0   0  51 213 181 165 177 189 231  51   0   0 153 255
255 153   0   0  51 224 175 139 148 206 227  51   0   0 153 255
255 153   0   0  51 204 157 172 195 187 215  51   0   0 153 255
255 153   0   0  51 214 209 217 219 210 226  51   0   0 153 255
255 153   0   0  10  51  51  51  51  51  51  10   0   0 153 255
255 153   0   0   0   0   0   0   0   0   0   0   0   0 153 255
255 153   0   0   0   0   0   0   0   0   0   0   0   0 153 255
255 214 153 153 153 153 153 153 153 153 153 153 153 153 214 255

  0   0   0   0   0   0   0   0   0   0   0   0   0   0   0   0
  0 255 255 255 255 255 255 255 255 255 255 255 255 255 255 255
  0 255 214 153 153 153 153 153 153 153 153 153 153 153 153 214
  0 255 153   0   0   0   0   0   0   0   0   0   0   0   0 153
  0 255 153   0   0   0   0   0   0   0   0   0   0   0   0 153
  0 255 153   0   0  10  51  51  51  51  51  51  10   0   0 153
  0 255 153   0   0  51 255 255 255 255 255 255  51   0   0 153
  0 255 153   0   0  51 255 255 255 255 255 255  51   0   0 153
  0 255 153   0   0  51 255 255 211 213 255 255  51   0   0 153
  0 255 153   0   0  51 255 255 221 221 255 255  51   0   0 153
  0 255 153   0   0  51 255 255 255 255 255 255  51   0   0 153
  0 255 153   0   0  51 255 255 255 255 255 255  51   0   0 153
  0 255 153   0   0  10  51  51  51  51  51  51  10   0   0 153
  0 255 153   0   0   0   0   0   0   0   0   0   0   0   0 153
  0 255 153   0   0   0   0   0   0   0   0   0   0   0   0 153
  0 255 214 153 153 153 153 153 153 153 153 153 153 153 153 214
  0   0   0   0   0   0   0   0   0   0   0   0   0   0   0   0
  0 255 255 255 255 255 255 255 255 255 255 255 255 255 255 255
  0 255 214 153 153 153 153 153 153 153 153 153 153 153 153 214
  0 255 153   0   0   0   0   0   0   0   0   0   0   0   0 153
  0 255 153   0   0   0   0   0   0   0   0   0   0   0   0 153
  0 255 153   0   0  10  51  51  51  51  51  51  10   0   0 153
  0 255 153   0   0  51 237 212 216 216 207 224  51   0   0 153
  0 255 153   0   0  51 216 161 161 194 183 212  51   0   0 153
  0 255 153   0   0  51 226 162 153 147 200 226  51   0   0 153
  0 255 153   0   0  51 211 186 158 161 189 228  51   0   0 153
  0 255 153   0   0  51 210 176 187 191 188 227  51   0   0 153
  0 255 153   0   0  51 224 220 220 233 224 232  51   0   0 153
  0 255 153   0   0  10  51  51  51  51  51  51  10   0   0 153
  0 255 153   0   0   0   0   0   0   0   0   0   0   0   0 153
  0 255 153   0   0   0   0   0   0   0   0   0   0   0   0 153
  0 255 214 153 153 153 153 153 153 153 153 153 153 153 153 214
  0   0   0   0   0   0   0   0   0   0   0   0   0   0   0   0
  0 255 255 255 255 255 255 255 255 255 255 255 255 255 255 255
  0 255 214 153 153 153 153 153 153 153 153 153 153 153 153 214
  0 255 153   0   0   0   0   0   0   0   0   0   0   0   0 153
  0 255 153   0   0   0   0   0   0   0   0   0   0   0   0 153
  0 255 153   0   0  10  51  51  51  51  51  51  10   0   0 153
  0 255 153   0   0  51 247 233 231 227 215 226  51   0   0 153
  0 255 153   0   0  51 235 201 189 206 187 210  51   0   0 153
  0 255 153   0   0  51 238 191 177 148 195 219  51   0   0 153
  0 255 153   0   0  51 224 200 165 139 172 217  51   0   0 153
  0 255 153   0   0  51 217 181 181 175 157 209  51   0   0 153
  0 255 153   0   0  51 226 219 213 224 204 214  51   0   0 153
  0 255 153   0   0  10  51  51  51  51  51  51  10   0   0 153
  0 255 153   0   0   0   0   0   0   0   0   0   0   0   0 153
  0 255 153   0   0   0   0   0   0   0   0   0   0   0   0 153
  0 255 214 153 153 153 153 153 153 153 153 153 153 153 153 214

  0 255 255 255 255 255 255 255 255 255 255 255 255 255 255 255
  0 255 214 153 153 153 153 153 153 153 153 153 153 153 153 214
  0 255 153   0   0   0   0   0   0   0   0   0   0   0   0 153
  0 255 153   0   0   0   0   0   0   0   0   0   0   0   0 153
  0 255 153   0   0  10  51  51  51  51  51  51  10   0   0 153
  0 255 153   0   0  51 255 255 255 255 255 255  51   0   0 153
  0 255 153   0   0  51 255 255 255 255 255 255  51   0   0 153
  0 255 153   0   0  51 255 255 213 221 255 255  51   0   0 153
  0 255 153   0   0  51 255 255 211 221 255 255  51   0   0 153
  0 255 153   0   0  51 255 255 255 255 255 255  51   0   0 153
  0 255 153   0   0  51 255 255 255 255 255 255  51   0   0 153
  0 255 153   0   0  10  51  51  51  51  51  51  10   0   0 153
  0 255 153   0   0   0   0   0   0   0   0   0   0   0   0 153
  0 255 153   0   0   0   0   0   0   0   0   0   0   0   0 153
  0 255 214 153 153 153 153 153 153 153 153 153 153 153 153 214
  0 255 255 255 255 255 255 255 255 255 255 255 255 255 255 255
  0 255 255 255 255 255 255 255 255 255 255 255 255 255 255 255
  0 255 214 153 153 153 153 153 153 153 153 153 153 153 153 214
  0 255 153   0   0   0   0   0   0   0   0   0   0   0   0 153
  0 255 153   0   0   0   0   0   0   0   0   0   0   0   0 153
  0 255 153   0   0  10  51  51  51  51  51  51  10   0   0 153
  0 255 153   0   0  51 224 212 226 228 227 232  51   0   0 153
  0 255 153   0   0  51 207 183 200 189 188 224  51   0   0 153
  0 255 153   0   0  51 216 194 147 161 191 233  51   0   0 153
  0 255 153   0   0  51 216 161 153 158 187 220  51   0   0 153
  0 255 153   0   0  51 212 161 162 186 176 220  51   0   0 153
  0 255 153   0   0  51 237 216 226 211 210 224  51   0   0 153
  0 255 153   0   0  10  51  51  51  51  51  51  10   0   0 153
  0 255 153   0   0   0   0   0   0   0   0   0   0   0   0 153
  0 255 153   0   0   0   0   0   0   0   0   0   0   0   0 153
  0 255 214 153 153 153 153 153 153 153 153 153 153 153 153 214
  0 255 255 255 255 255 255 255 255 255 255 255 255 255 255 255
  0 255 255 255 255 255 255 255 255 255 255 255 255 255 255 255
  0 255 214 153 153 153 153 153 153 153 153 153 153 153 153 214
  0 255 153   0   0   0   0   0   0   0   0   0   0   0   0 153
  0 255 153   0   0   0   0   0   0   0   0   0   0   0   0 153
  0 255 153   0   0  10  51  51  51  51  51  51  10   0   0 153
  0 255 153   0   0  51 226 210 219 217 209 214  51   0   0 153
  0 255 153   0   0  51 215 187 195 172 157 204  51   0   0 153
  0 255 153   0   0  51 227 206 148 139 175 224  51   0   0 153
  0 255 153   0   0  51 231 189 177 165 181 213  51   0   0 153
  0 255 153   0   0  51 233 201 191 200 181 219  51   0   0 153
  0 255 153   0   0  51 247 235 238 224 217 226  51   0   0 153
  0 255 153   0   0  10  51  51  51  51  51  51  10   0   0 153
  0 255 153   0   0   0   0   0   0   0   0   0   0   0   0 153
  0 255 153   0   0   0   0   0   0   0   0   0   0   0   0 153
  0 255 214 153 153 153 153 153 153 153 153 153 153 153 153 214
  0 255 255 255 255 255 255 255 255 255 255 255 255 255 255 255
